ppi ppi_error_estimate hr blocker contact contact_supported
1178 30 0 0 1 1
964 30 0 0 1 1
953 30 0 0 1 1
938 30 0 0 1 1
928 30 0 0 1 1
896 30 0 0 1 1
784 30 0 0 1 1
926 30 0 0 1 1
793 28 0 0 1 1
823 24 0 0 1 1
932 21 0 0 1 1
656 20 0 0 1 1
877 20 0 0 1 1
852 19 0 0 1 1
848 17 0 0 1 1
848 16 0 0 1 1
876 14 0 0 1 1
836 13 0 0 1 1
918 11 0 0 1 1
772 11 0 0 1 1
815 10 0 0 1 1
850 10 0 0 1 1
820 9 0 0 1 1
854 9 0 0 1 1
903 9 0 0 1 1
934 10 0 0 1 1
1061 352 0 0 1 1
1570 13 0 0 1 1
1463 26 0 0 1 1
1378 27 0 0 1 1
849 26 0 0 1 1
852 28 0 0 1 1
822 28 0 0 1 1
804 23 0 0 1 1
793 19 0 0 1 1
742 17 0 0 1 1
962 371 0 0 1 1
1209 11 0 0 1 1
1437 12 0 0 1 1
793 380 0 0 1 1
675 498 0 0 1 1
1296 13 0 0 1 1
1288 28 0 0 1 1
712 461 0 0 1 1
1707 534 0 0 1 1
875 495 0 0 1 1
958 412 0 0 1 1
1761 391 0 0 1 1
937 339 0 0 1 1
901 256 0 0 1 1
734 194 0 0 1 1
1025 142 0 0 1 1
901 106 0 0 1 1
942 79 0 0 1 1
909 59 0 0 1 1
1011 52 0 0 1 1
771 42 0 0 1 1
882 35 0 0 1 1
882 29 0 0 1 1
743 25 0 0 1 1
826 23 0 0 1 1
854 21 0 0 1 1
837 17 0 0 1 1
805 15 0 0 1 1
819 13 0 0 1 1
821 12 0 0 1 1
828 11 0 0 1 1
849 11 0 0 1 1
857 10 0 0 1 1
808 10 0 0 1 1
804 10 0 0 1 1
821 9 0 0 1 1
820 9 0 0 1 1
847 8 0 0 1 1
820 8 0 0 1 1
862 8 0 0 1 1
913 8 0 0 1 1
928 8 0 0 1 1
893 8 0 0 1 1
812 8 0 0 1 1
886 8 0 0 1 1
887 8 0 0 1 1
471 421 0 0 1 1
554 10 0 0 1 1
772 14 0 0 1 1
831 583 0 0 1 1
905 509 0 0 1 1
881 534 0 0 1 1
849 566 0 0 1 1
1179 7 0 0 1 1
816 922 0 0 1 1
1767 20 0 0 1 1
1690 634 0 0 1 1
817 25 0 0 1 1
970 44 0 0 1 1
896 45 0 0 1 1
790 34 0 0 1 1
891 25 0 0 1 1
906 20 0 0 1 1
949 17 0 0 1 1
818 15 0 0 1 1
890 14 0 0 1 1
919 14 0 0 1 1
973 13 0 0 1 1
873 13 0 0 1 1
850 13 0 0 1 1
986 12 0 0 1 1
853 473 0 0 1 1
633 693 0 0 1 1
1133 9 0 0 1 1
633 693 0 0 1 1
1131 606 0 0 1 1
441 455 0 0 1 1
560 347 0 0 1 1
713 266 0 0 1 1
841 199 0 0 1 1
772 151 0 0 1 1
934 116 0 0 1 1
782 99 0 0 1 1
741 73 0 0 1 1
1055 58 0 0 1 1
890 47 0 0 1 1
962 37 0 0 1 1
901 32 65 0 1 1
893 25 65 0 1 1
973 20 65 0 1 1
919 16 65 0 1 1
976 13 65 0 1 1
881 11 65 0 1 1
913 11 0 0 1 1
1052 11 0 0 1 1
919 12 0 0 1 1
953 12 0 0 1 1
896 11 0 0 1 1
949 10 0 0 1 1
995 10 0 0 1 1
1075 9 0 0 1 1
916 10 0 0 1 1
946 11 0 0 1 1
975 10 0 0 1 1
1029 10 0 0 1 1
946 9 0 0 1 1
977 9 0 0 1 1
930 10 0 0 1 1
978 373 0 0 1 1
2054 703 0 0 1 1
2014 663 0 0 1 1
834 517 0 0 1 1
1431 569 0 0 1 1
1708 171 0 0 1 1
871 149 0 0 1 1
952 119 0 0 1 1
840 94 0 0 1 1
922 64 0 0 1 1
924 45 0 0 1 1
944 32 0 0 1 1
863 24 0 0 1 1
957 22 0 0 1 1
915 18 0 0 1 1
961 16 0 0 1 1
903 14 0 0 1 1
900 13 0 0 1 1
930 13 0 0 1 1
914 12 0 0 1 1
935 10 0 0 1 1
776 10 0 0 1 1
831 10 0 0 1 1
881 11 0 0 1 1
883 10 0 0 1 1
882 10 0 0 1 1
853 11 0 0 1 1
1057 11 0 0 1 1
974 12 0 0 1 1
1147 356 0 0 1 1
1965 461 0 0 1 1
753 750 0 0 1 1
1762 10 0 0 1 1
2040 10 0 0 1 1
1433 568 0 0 1 1
612 463 0 0 1 1
731 323 0 0 1 1
898 227 0 0 1 1
890 154 0 0 1 1
878 105 0 0 1 1
895 72 0 0 1 1
903 50 0 0 1 1
944 37 0 0 1 1
669 34 0 0 1 1
1018 28 0 0 1 1
842 25 0 0 1 1
840 23 0 0 1 1
895 20 0 0 1 1
886 17 0 0 1 1
818 16 67 0 1 1
852 14 67 0 1 1
920 12 67 0 1 1
933 11 67 0 1 1
854 10 67 0 1 1
907 10 65 0 1 1
913 9 65 0 1 1
900 9 65 0 1 1
876 8 65 0 1 1
915 8 65 0 1 1
996 8 65 0 1 1
990 8 58 0 1 1
618 416 58 0 1 1
1026 6 58 0 1 1
1025 11 58 0 1 1
1008 14 58 0 1 1
996 13 66 0 1 1
961 11 66 0 1 1
926 10 66 0 1 1
862 9 66 0 1 1
890 9 66 0 1 1
970 9 63 0 1 1
957 9 63 0 1 1
916 9 63 0 1 1
947 9 63 0 1 1
960 8 63 0 1 1
959 8 63 0 1 1
954 8 63 0 1 1
898 8 63 0 1 1
956 8 63 0 1 1
982 8 63 0 1 1
936 8 63 0 1 1
907 8 63 0 1 1
923 8 63 0 1 1
986 8 63 0 1 1
984 8 63 0 1 1
950 8 63 0 1 1
884 8 67 0 1 1
926 8 67 0 1 1
904 8 67 0 1 1
929 8 67 0 1 1
893 8 67 0 1 1
885 8 67 0 1 1
881 8 65 0 1 1
1021 9 65 0 1 1
995 10 65 0 1 1
886 10 65 0 1 1
873 10 65 0 1 1
901 10 64 0 1 1
915 9 64 0 1 1
951 9 64 0 1 1
903 8 64 0 1 1
931 9 64 0 1 1
969 8 65 0 1 1
1042 8 65 0 1 1
969 8 65 0 1 1
934 8 65 0 1 1
879 8 65 0 1 1
941 8 65 0 1 1
931 7 65 0 1 1
949 7 65 0 1 1
881 7 65 0 1 1
922 7 65 0 1 1
958 7 65 0 1 1
977 7 63 0 1 1
919 7 63 0 1 1
882 8 63 0 1 1
937 8 63 0 1 1
934 8 63 0 1 1
1005 8 65 0 1 1
979 9 65 0 1 1
839 10 65 0 1 1
935 10 65 0 1 1
929 10 65 0 1 1
941 9 65 0 1 1
884 9 65 0 1 1
876 9 65 0 1 1
933 9 65 0 1 1
950 9 65 0 1 1
912 8 65 0 1 1
885 544 0 0 1 1
887 542 0 0 1 1
1130 8 0 0 1 1
1670 18 0 0 1 1
1492 641 0 0 1 1
669 20 0 0 1 1
727 35 0 0 1 1
688 38 0 0 1 1
665 31 0 0 1 1
686 25 0 0 1 1
800 21 0 0 1 1
742 19 0 0 1 1
701 17 0 0 1 1
743 15 0 0 1 1
801 13 0 0 1 1
776 12 0 0 1 1
745 11 0 0 1 1
888 11 0 0 1 1
700 11 68 0 1 1
881 10 68 0 1 1
913 10 68 0 1 1
845 11 68 0 1 1
866 10 68 0 1 1
949 9 0 0 1 1
973 9 0 0 1 1
926 8 0 0 1 1
826 8 0 0 1 1
967 9 0 0 1 1
883 9 0 0 1 1
847 9 62 0 1 1
893 8 62 0 1 1
985 9 62 0 1 1
981 9 62 0 1 1
1007 9 62 0 1 1
874 9 0 0 1 1
937 10 0 0 1 1
1022 10 0 0 1 1
973 10 0 0 1 1
1035 11 0 0 1 1
817 664 0 0 1 1
836 645 0 0 1 1
971 510 0 0 1 1
923 558 0 0 1 1
1336 8 0 0 1 1
563 404 0 0 1 1
1022 11 0 0 1 1
910 19 0 0 1 1
944 20 0 0 1 1
993 16 0 0 1 1
1025 14 0 0 1 1
918 13 61 0 1 1
956 11 61 0 1 1
1322 13 61 0 1 1
699 19 61 0 1 1
925 25 61 0 1 1
997 22 0 0 1 1
908 17 0 0 1 1
757 14 0 0 1 1
1347 19 0 0 1 1
920 25 0 0 1 1
446 609 0 0 1 1
546 423 0 0 1 1
1036 360 0 0 1 1
908 260 0 0 1 1
976 186 0 0 1 1
959 130 0 0 1 1
1002 111 61 0 1 1
1222 79 61 0 1 1
842 60 61 0 1 1
945 48 61 0 1 1
991 38 61 0 1 1
1014 33 61 0 1 1
1005 24 61 0 1 1
938 19 61 0 1 1
918 15 61 0 1 1
1038 13 61 0 1 1
987 12 60 0 1 1
973 10 60 0 1 1
930 9 60 0 1 1
1011 8 60 0 1 1
1004 8 60 0 1 1
1003 8 0 0 1 1
978 7 0 0 1 1
946 7 0 0 1 1
956 7 0 0 1 1
983 7 0 0 1 1
890 7 0 0 1 1
1056 8 0 0 1 1
883 9 0 0 1 1
979 9 0 0 1 1
914 9 0 0 1 1
925 9 0 0 1 1
979 8 61 0 1 1
991 8 61 0 1 1
959 7 61 0 1 1
971 7 61 0 1 1
984 7 61 0 1 1
970 7 62 0 1 1
1016 7 62 0 1 1
947 7 62 0 1 1
959 7 62 0 1 1
967 7 62 0 1 1
1010 7 0 0 1 1
998 7 0 0 1 1
963 7 0 0 1 1
1012 7 0 0 1 1
950 7 0 0 1 1
966 7 62 0 1 1
936 6 62 0 1 1
945 7 62 0 1 1
960 7 62 0 1 1
945 7 62 0 1 1
1012 7 0 0 1 1
995 7 0 0 1 1
1038 7 0 0 1 1
847 8 0 0 1 1
958 9 0 0 1 1
973 9 0 0 1 1
893 550 0 0 1 1
916 527 0 0 1 1
1863 421 0 0 1 1
1027 415 0 0 1 1
914 353 63 0 1 1
986 247 63 0 1 1
958 173 63 0 1 1
941 122 63 0 1 1
958 87 63 0 1 1
935 74 63 0 1 1
1074 55 63 0 1 1
894 42 63 0 1 1
954 33 63 0 1 1
937 26 63 0 1 1
1053 23 0 0 1 1
864 19 0 0 1 1
993 18 0 0 1 1
950 16 0 0 1 1
974 14 0 0 1 1
985 12 0 0 1 1
983 11 0 0 1 1
985 10 0 0 1 1
966 9 0 0 1 1
969 8 0 0 1 1
1076 9 0 0 1 1
1812 14 0 0 1 1
964 515 0 0 1 1
982 497 0 0 1 1
949 530 0 0 1 1
937 448 0 0 1 1
932 309 0 0 1 1
1009 214 0 0 1 1
944 149 0 0 1 1
1010 105 0 0 1 1
910 90 0 0 1 1
974 64 0 0 1 1
986 46 0 0 1 1
959 35 0 0 1 1
962 27 0 0 1 1
978 24 62 0 1 1
937 18 62 0 1 1
1002 14 62 0 1 1
963 12 62 0 1 1
983 10 62 0 1 1
976 9 0 0 1 1
986 9 0 0 1 1
950 9 0 0 1 1
1016 9 0 0 1 1
938 8 0 0 1 1
985 8 0 0 1 1
963 7 0 0 1 1
972 8 0 0 1 1
975 9 0 0 1 1
1000 9 0 0 1 1
970 8 0 0 1 1
975 7 0 0 1 1
970 7 0 0 1 1
954 7 0 0 1 1
961 6 0 0 1 1
964 6 0 0 1 1
971 6 0 0 1 1
969 7 0 0 1 1
865 8 0 0 1 1
986 8 0 0 1 1
963 8 0 0 1 1
967 8 63 0 1 1
1002 7 63 0 1 1
908 7 63 0 1 1
959 7 63 0 1 1
954 7 63 0 1 1
962 7 0 0 1 1
957 7 0 0 1 1
1015 7 0 0 1 1
961 8 0 0 1 1
969 8 0 0 1 1
978 7 62 0 1 1
963 7 62 0 1 1
969 7 62 0 1 1
968 6 62 0 1 1
974 6 62 0 1 1
